$ANSIBLE_VAULT;1.1;AES256
63653633343339656163393234663163313435646437653431346363643038306364323634643136
3934313235306561396234303137633238653739376330610a333164646135316334333231656566
38343633666164323164386463383036356265386331323666643363303337353631393562373933
3736303637323533310a336566653438633537626138633766326638316538313666323463633132
33663163643836653031363262363430356461303532643931356237303738643936303238653534
62613366643165303439633930393736343937306136653163653161666537376663343761383963
63633838346262383461643535666566366637336161663761633662643930646232663430323231
64356438333336646464653932336265623862633261303538613962633437323366373237323765
63653134353632633237306630363762653762663261376236343437346536303164363132383736
62656238616234666466663335343435633465393966633564613936663461313364646532336531
36353139303638393462343339646665316361653533386135636232333531323038366262396136
39316236316230366235633938613632383435353965333965633030643033323731303462313662
65636662343039376534343030663266366163616331613232623035646436313563633430653962
6435663132376335303438336363376166623365633461633534
